# MHE System Noise
w_p: 0.01
w_q: 0.00023 # 0.000015
w_v: 0.001
w_r: 0.005 # 0.0017 
w_a: 0.005

w_d: 0.0001
w_m: 0.0001

# MHE Measurement Noise
v_p: 0.001
v_r: 0.00001 #0.005
v_a: 0.00006 #0.00005
v_d: 0.0001