# DMHE System Noise
w_p: 0.1
w_q: 0.003 # 0.000285
w_v: 0.00000003 # 0.005
w_r: 0.1 #0.0006 0.00065 0.005 0.01

w_d: 0.0001
w_m: 0.0001

# MHE Measurement Noise
v_p: 0.00001
v_r: 0.00035 #0.00000012184696791468346 #0.0000075 #0.00001
v_d: 0.0001



